start=32.04911646695393, 34.9490446832089
end=32.0513225540656, 34.953816477467335
stops=32.046764,34.946894;32.0470759,34.9456176
t=300
fitnessLevel=HARD
purpose=traveling
